{
 "cells": [
  {
   "cell_type": "code",
   "execution_count": 5,
   "metadata": {},
   "outputs": [],
   "source": [
    "import seaborn as sns\n",
    "\n",
    "import matplotlib.pyplot as plt\n",
    "import pandas as pd\n",
    "import numpy as np\n",
    "import random\n",
    "from matplotlib import font_manager, rc  \n",
    "font_name = font_manager.FontProperties(fname='C:/Windows/Fonts/malgun.ttf').get_name()\n",
    "rc('font', family=font_name)\n",
    "\n",
    "%matplotlib inline\n",
    "import matplotlib.pyplot as plt"
   ]
  },
  {
   "cell_type": "code",
   "execution_count": 8,
   "metadata": {},
   "outputs": [
    {
     "data": {
      "text/html": [
       "<div>\n",
       "<style scoped>\n",
       "    .dataframe tbody tr th:only-of-type {\n",
       "        vertical-align: middle;\n",
       "    }\n",
       "\n",
       "    .dataframe tbody tr th {\n",
       "        vertical-align: top;\n",
       "    }\n",
       "\n",
       "    .dataframe thead th {\n",
       "        text-align: right;\n",
       "    }\n",
       "</style>\n",
       "<table border=\"1\" class=\"dataframe\">\n",
       "  <thead>\n",
       "    <tr style=\"text-align: right;\">\n",
       "      <th></th>\n",
       "      <th>datetime</th>\n",
       "      <th>season</th>\n",
       "      <th>holiday</th>\n",
       "      <th>workingday</th>\n",
       "      <th>weather</th>\n",
       "      <th>temp</th>\n",
       "      <th>atemp</th>\n",
       "      <th>humidity</th>\n",
       "      <th>windspeed</th>\n",
       "      <th>casual</th>\n",
       "      <th>registered</th>\n",
       "      <th>count</th>\n",
       "    </tr>\n",
       "  </thead>\n",
       "  <tbody>\n",
       "    <tr>\n",
       "      <th>0</th>\n",
       "      <td>2011-01-01 00:00:00</td>\n",
       "      <td>1</td>\n",
       "      <td>0</td>\n",
       "      <td>0</td>\n",
       "      <td>1</td>\n",
       "      <td>9.84</td>\n",
       "      <td>14.395</td>\n",
       "      <td>81</td>\n",
       "      <td>0.0000</td>\n",
       "      <td>3</td>\n",
       "      <td>13</td>\n",
       "      <td>16</td>\n",
       "    </tr>\n",
       "    <tr>\n",
       "      <th>1</th>\n",
       "      <td>2011-01-01 01:00:00</td>\n",
       "      <td>1</td>\n",
       "      <td>0</td>\n",
       "      <td>0</td>\n",
       "      <td>1</td>\n",
       "      <td>9.02</td>\n",
       "      <td>13.635</td>\n",
       "      <td>80</td>\n",
       "      <td>0.0000</td>\n",
       "      <td>8</td>\n",
       "      <td>32</td>\n",
       "      <td>40</td>\n",
       "    </tr>\n",
       "    <tr>\n",
       "      <th>2</th>\n",
       "      <td>2011-01-01 02:00:00</td>\n",
       "      <td>1</td>\n",
       "      <td>0</td>\n",
       "      <td>0</td>\n",
       "      <td>1</td>\n",
       "      <td>9.02</td>\n",
       "      <td>13.635</td>\n",
       "      <td>80</td>\n",
       "      <td>0.0000</td>\n",
       "      <td>5</td>\n",
       "      <td>27</td>\n",
       "      <td>32</td>\n",
       "    </tr>\n",
       "    <tr>\n",
       "      <th>3</th>\n",
       "      <td>2011-01-01 03:00:00</td>\n",
       "      <td>1</td>\n",
       "      <td>0</td>\n",
       "      <td>0</td>\n",
       "      <td>1</td>\n",
       "      <td>9.84</td>\n",
       "      <td>14.395</td>\n",
       "      <td>75</td>\n",
       "      <td>0.0000</td>\n",
       "      <td>3</td>\n",
       "      <td>10</td>\n",
       "      <td>13</td>\n",
       "    </tr>\n",
       "    <tr>\n",
       "      <th>4</th>\n",
       "      <td>2011-01-01 04:00:00</td>\n",
       "      <td>1</td>\n",
       "      <td>0</td>\n",
       "      <td>0</td>\n",
       "      <td>1</td>\n",
       "      <td>9.84</td>\n",
       "      <td>14.395</td>\n",
       "      <td>75</td>\n",
       "      <td>0.0000</td>\n",
       "      <td>0</td>\n",
       "      <td>1</td>\n",
       "      <td>1</td>\n",
       "    </tr>\n",
       "    <tr>\n",
       "      <th>...</th>\n",
       "      <td>...</td>\n",
       "      <td>...</td>\n",
       "      <td>...</td>\n",
       "      <td>...</td>\n",
       "      <td>...</td>\n",
       "      <td>...</td>\n",
       "      <td>...</td>\n",
       "      <td>...</td>\n",
       "      <td>...</td>\n",
       "      <td>...</td>\n",
       "      <td>...</td>\n",
       "      <td>...</td>\n",
       "    </tr>\n",
       "    <tr>\n",
       "      <th>10881</th>\n",
       "      <td>2012-12-19 19:00:00</td>\n",
       "      <td>4</td>\n",
       "      <td>0</td>\n",
       "      <td>1</td>\n",
       "      <td>1</td>\n",
       "      <td>15.58</td>\n",
       "      <td>19.695</td>\n",
       "      <td>50</td>\n",
       "      <td>26.0027</td>\n",
       "      <td>7</td>\n",
       "      <td>329</td>\n",
       "      <td>336</td>\n",
       "    </tr>\n",
       "    <tr>\n",
       "      <th>10882</th>\n",
       "      <td>2012-12-19 20:00:00</td>\n",
       "      <td>4</td>\n",
       "      <td>0</td>\n",
       "      <td>1</td>\n",
       "      <td>1</td>\n",
       "      <td>14.76</td>\n",
       "      <td>17.425</td>\n",
       "      <td>57</td>\n",
       "      <td>15.0013</td>\n",
       "      <td>10</td>\n",
       "      <td>231</td>\n",
       "      <td>241</td>\n",
       "    </tr>\n",
       "    <tr>\n",
       "      <th>10883</th>\n",
       "      <td>2012-12-19 21:00:00</td>\n",
       "      <td>4</td>\n",
       "      <td>0</td>\n",
       "      <td>1</td>\n",
       "      <td>1</td>\n",
       "      <td>13.94</td>\n",
       "      <td>15.910</td>\n",
       "      <td>61</td>\n",
       "      <td>15.0013</td>\n",
       "      <td>4</td>\n",
       "      <td>164</td>\n",
       "      <td>168</td>\n",
       "    </tr>\n",
       "    <tr>\n",
       "      <th>10884</th>\n",
       "      <td>2012-12-19 22:00:00</td>\n",
       "      <td>4</td>\n",
       "      <td>0</td>\n",
       "      <td>1</td>\n",
       "      <td>1</td>\n",
       "      <td>13.94</td>\n",
       "      <td>17.425</td>\n",
       "      <td>61</td>\n",
       "      <td>6.0032</td>\n",
       "      <td>12</td>\n",
       "      <td>117</td>\n",
       "      <td>129</td>\n",
       "    </tr>\n",
       "    <tr>\n",
       "      <th>10885</th>\n",
       "      <td>2012-12-19 23:00:00</td>\n",
       "      <td>4</td>\n",
       "      <td>0</td>\n",
       "      <td>1</td>\n",
       "      <td>1</td>\n",
       "      <td>13.12</td>\n",
       "      <td>16.665</td>\n",
       "      <td>66</td>\n",
       "      <td>8.9981</td>\n",
       "      <td>4</td>\n",
       "      <td>84</td>\n",
       "      <td>88</td>\n",
       "    </tr>\n",
       "  </tbody>\n",
       "</table>\n",
       "<p>10886 rows × 12 columns</p>\n",
       "</div>"
      ],
      "text/plain": [
       "                  datetime  season  holiday  workingday  weather   temp  \\\n",
       "0      2011-01-01 00:00:00       1        0           0        1   9.84   \n",
       "1      2011-01-01 01:00:00       1        0           0        1   9.02   \n",
       "2      2011-01-01 02:00:00       1        0           0        1   9.02   \n",
       "3      2011-01-01 03:00:00       1        0           0        1   9.84   \n",
       "4      2011-01-01 04:00:00       1        0           0        1   9.84   \n",
       "...                    ...     ...      ...         ...      ...    ...   \n",
       "10881  2012-12-19 19:00:00       4        0           1        1  15.58   \n",
       "10882  2012-12-19 20:00:00       4        0           1        1  14.76   \n",
       "10883  2012-12-19 21:00:00       4        0           1        1  13.94   \n",
       "10884  2012-12-19 22:00:00       4        0           1        1  13.94   \n",
       "10885  2012-12-19 23:00:00       4        0           1        1  13.12   \n",
       "\n",
       "        atemp  humidity  windspeed  casual  registered  count  \n",
       "0      14.395        81     0.0000       3          13     16  \n",
       "1      13.635        80     0.0000       8          32     40  \n",
       "2      13.635        80     0.0000       5          27     32  \n",
       "3      14.395        75     0.0000       3          10     13  \n",
       "4      14.395        75     0.0000       0           1      1  \n",
       "...       ...       ...        ...     ...         ...    ...  \n",
       "10881  19.695        50    26.0027       7         329    336  \n",
       "10882  17.425        57    15.0013      10         231    241  \n",
       "10883  15.910        61    15.0013       4         164    168  \n",
       "10884  17.425        61     6.0032      12         117    129  \n",
       "10885  16.665        66     8.9981       4          84     88  \n",
       "\n",
       "[10886 rows x 12 columns]"
      ]
     },
     "execution_count": 8,
     "metadata": {},
     "output_type": "execute_result"
    }
   ],
   "source": [
    "bike= pd.read_csv('bike.csv', encoding = 'utf-8')\n",
    "bike"
   ]
  },
  {
   "cell_type": "code",
   "execution_count": 9,
   "metadata": {},
   "outputs": [
    {
     "name": "stdout",
     "output_type": "stream",
     "text": [
      "<class 'pandas.core.frame.DataFrame'>\n",
      "RangeIndex: 10886 entries, 0 to 10885\n",
      "Data columns (total 12 columns):\n",
      " #   Column      Non-Null Count  Dtype  \n",
      "---  ------      --------------  -----  \n",
      " 0   datetime    10886 non-null  object \n",
      " 1   season      10886 non-null  int64  \n",
      " 2   holiday     10886 non-null  int64  \n",
      " 3   workingday  10886 non-null  int64  \n",
      " 4   weather     10886 non-null  int64  \n",
      " 5   temp        10886 non-null  float64\n",
      " 6   atemp       10886 non-null  float64\n",
      " 7   humidity    10886 non-null  int64  \n",
      " 8   windspeed   10886 non-null  float64\n",
      " 9   casual      10886 non-null  int64  \n",
      " 10  registered  10886 non-null  int64  \n",
      " 11  count       10886 non-null  int64  \n",
      "dtypes: float64(3), int64(8), object(1)\n",
      "memory usage: 1020.7+ KB\n"
     ]
    }
   ],
   "source": [
    "bike.info()"
   ]
  },
  {
   "cell_type": "code",
   "execution_count": 10,
   "metadata": {},
   "outputs": [
    {
     "name": "stdout",
     "output_type": "stream",
     "text": [
      "(10886, 12)\n"
     ]
    }
   ],
   "source": [
    "print(bike.shape)"
   ]
  },
  {
   "cell_type": "code",
   "execution_count": 11,
   "metadata": {},
   "outputs": [
    {
     "data": {
      "text/html": [
       "<div>\n",
       "<style scoped>\n",
       "    .dataframe tbody tr th:only-of-type {\n",
       "        vertical-align: middle;\n",
       "    }\n",
       "\n",
       "    .dataframe tbody tr th {\n",
       "        vertical-align: top;\n",
       "    }\n",
       "\n",
       "    .dataframe thead th {\n",
       "        text-align: right;\n",
       "    }\n",
       "</style>\n",
       "<table border=\"1\" class=\"dataframe\">\n",
       "  <thead>\n",
       "    <tr style=\"text-align: right;\">\n",
       "      <th></th>\n",
       "      <th>season</th>\n",
       "      <th>holiday</th>\n",
       "      <th>workingday</th>\n",
       "      <th>weather</th>\n",
       "      <th>temp</th>\n",
       "      <th>atemp</th>\n",
       "      <th>humidity</th>\n",
       "      <th>windspeed</th>\n",
       "      <th>casual</th>\n",
       "      <th>registered</th>\n",
       "      <th>count</th>\n",
       "    </tr>\n",
       "  </thead>\n",
       "  <tbody>\n",
       "    <tr>\n",
       "      <th>season</th>\n",
       "      <td>1.000000</td>\n",
       "      <td>0.029368</td>\n",
       "      <td>-0.008126</td>\n",
       "      <td>0.008879</td>\n",
       "      <td>0.258689</td>\n",
       "      <td>0.264744</td>\n",
       "      <td>0.190610</td>\n",
       "      <td>-0.147121</td>\n",
       "      <td>0.096758</td>\n",
       "      <td>0.164011</td>\n",
       "      <td>0.163439</td>\n",
       "    </tr>\n",
       "    <tr>\n",
       "      <th>holiday</th>\n",
       "      <td>0.029368</td>\n",
       "      <td>1.000000</td>\n",
       "      <td>-0.250491</td>\n",
       "      <td>-0.007074</td>\n",
       "      <td>0.000295</td>\n",
       "      <td>-0.005215</td>\n",
       "      <td>0.001929</td>\n",
       "      <td>0.008409</td>\n",
       "      <td>0.043799</td>\n",
       "      <td>-0.020956</td>\n",
       "      <td>-0.005393</td>\n",
       "    </tr>\n",
       "    <tr>\n",
       "      <th>workingday</th>\n",
       "      <td>-0.008126</td>\n",
       "      <td>-0.250491</td>\n",
       "      <td>1.000000</td>\n",
       "      <td>0.033772</td>\n",
       "      <td>0.029966</td>\n",
       "      <td>0.024660</td>\n",
       "      <td>-0.010880</td>\n",
       "      <td>0.013373</td>\n",
       "      <td>-0.319111</td>\n",
       "      <td>0.119460</td>\n",
       "      <td>0.011594</td>\n",
       "    </tr>\n",
       "    <tr>\n",
       "      <th>weather</th>\n",
       "      <td>0.008879</td>\n",
       "      <td>-0.007074</td>\n",
       "      <td>0.033772</td>\n",
       "      <td>1.000000</td>\n",
       "      <td>-0.055035</td>\n",
       "      <td>-0.055376</td>\n",
       "      <td>0.406244</td>\n",
       "      <td>0.007261</td>\n",
       "      <td>-0.135918</td>\n",
       "      <td>-0.109340</td>\n",
       "      <td>-0.128655</td>\n",
       "    </tr>\n",
       "    <tr>\n",
       "      <th>temp</th>\n",
       "      <td>0.258689</td>\n",
       "      <td>0.000295</td>\n",
       "      <td>0.029966</td>\n",
       "      <td>-0.055035</td>\n",
       "      <td>1.000000</td>\n",
       "      <td>0.984948</td>\n",
       "      <td>-0.064949</td>\n",
       "      <td>-0.017852</td>\n",
       "      <td>0.467097</td>\n",
       "      <td>0.318571</td>\n",
       "      <td>0.394454</td>\n",
       "    </tr>\n",
       "    <tr>\n",
       "      <th>atemp</th>\n",
       "      <td>0.264744</td>\n",
       "      <td>-0.005215</td>\n",
       "      <td>0.024660</td>\n",
       "      <td>-0.055376</td>\n",
       "      <td>0.984948</td>\n",
       "      <td>1.000000</td>\n",
       "      <td>-0.043536</td>\n",
       "      <td>-0.057473</td>\n",
       "      <td>0.462067</td>\n",
       "      <td>0.314635</td>\n",
       "      <td>0.389784</td>\n",
       "    </tr>\n",
       "    <tr>\n",
       "      <th>humidity</th>\n",
       "      <td>0.190610</td>\n",
       "      <td>0.001929</td>\n",
       "      <td>-0.010880</td>\n",
       "      <td>0.406244</td>\n",
       "      <td>-0.064949</td>\n",
       "      <td>-0.043536</td>\n",
       "      <td>1.000000</td>\n",
       "      <td>-0.318607</td>\n",
       "      <td>-0.348187</td>\n",
       "      <td>-0.265458</td>\n",
       "      <td>-0.317371</td>\n",
       "    </tr>\n",
       "    <tr>\n",
       "      <th>windspeed</th>\n",
       "      <td>-0.147121</td>\n",
       "      <td>0.008409</td>\n",
       "      <td>0.013373</td>\n",
       "      <td>0.007261</td>\n",
       "      <td>-0.017852</td>\n",
       "      <td>-0.057473</td>\n",
       "      <td>-0.318607</td>\n",
       "      <td>1.000000</td>\n",
       "      <td>0.092276</td>\n",
       "      <td>0.091052</td>\n",
       "      <td>0.101369</td>\n",
       "    </tr>\n",
       "    <tr>\n",
       "      <th>casual</th>\n",
       "      <td>0.096758</td>\n",
       "      <td>0.043799</td>\n",
       "      <td>-0.319111</td>\n",
       "      <td>-0.135918</td>\n",
       "      <td>0.467097</td>\n",
       "      <td>0.462067</td>\n",
       "      <td>-0.348187</td>\n",
       "      <td>0.092276</td>\n",
       "      <td>1.000000</td>\n",
       "      <td>0.497250</td>\n",
       "      <td>0.690414</td>\n",
       "    </tr>\n",
       "    <tr>\n",
       "      <th>registered</th>\n",
       "      <td>0.164011</td>\n",
       "      <td>-0.020956</td>\n",
       "      <td>0.119460</td>\n",
       "      <td>-0.109340</td>\n",
       "      <td>0.318571</td>\n",
       "      <td>0.314635</td>\n",
       "      <td>-0.265458</td>\n",
       "      <td>0.091052</td>\n",
       "      <td>0.497250</td>\n",
       "      <td>1.000000</td>\n",
       "      <td>0.970948</td>\n",
       "    </tr>\n",
       "    <tr>\n",
       "      <th>count</th>\n",
       "      <td>0.163439</td>\n",
       "      <td>-0.005393</td>\n",
       "      <td>0.011594</td>\n",
       "      <td>-0.128655</td>\n",
       "      <td>0.394454</td>\n",
       "      <td>0.389784</td>\n",
       "      <td>-0.317371</td>\n",
       "      <td>0.101369</td>\n",
       "      <td>0.690414</td>\n",
       "      <td>0.970948</td>\n",
       "      <td>1.000000</td>\n",
       "    </tr>\n",
       "  </tbody>\n",
       "</table>\n",
       "</div>"
      ],
      "text/plain": [
       "              season   holiday  workingday   weather      temp     atemp  \\\n",
       "season      1.000000  0.029368   -0.008126  0.008879  0.258689  0.264744   \n",
       "holiday     0.029368  1.000000   -0.250491 -0.007074  0.000295 -0.005215   \n",
       "workingday -0.008126 -0.250491    1.000000  0.033772  0.029966  0.024660   \n",
       "weather     0.008879 -0.007074    0.033772  1.000000 -0.055035 -0.055376   \n",
       "temp        0.258689  0.000295    0.029966 -0.055035  1.000000  0.984948   \n",
       "atemp       0.264744 -0.005215    0.024660 -0.055376  0.984948  1.000000   \n",
       "humidity    0.190610  0.001929   -0.010880  0.406244 -0.064949 -0.043536   \n",
       "windspeed  -0.147121  0.008409    0.013373  0.007261 -0.017852 -0.057473   \n",
       "casual      0.096758  0.043799   -0.319111 -0.135918  0.467097  0.462067   \n",
       "registered  0.164011 -0.020956    0.119460 -0.109340  0.318571  0.314635   \n",
       "count       0.163439 -0.005393    0.011594 -0.128655  0.394454  0.389784   \n",
       "\n",
       "            humidity  windspeed    casual  registered     count  \n",
       "season      0.190610  -0.147121  0.096758    0.164011  0.163439  \n",
       "holiday     0.001929   0.008409  0.043799   -0.020956 -0.005393  \n",
       "workingday -0.010880   0.013373 -0.319111    0.119460  0.011594  \n",
       "weather     0.406244   0.007261 -0.135918   -0.109340 -0.128655  \n",
       "temp       -0.064949  -0.017852  0.467097    0.318571  0.394454  \n",
       "atemp      -0.043536  -0.057473  0.462067    0.314635  0.389784  \n",
       "humidity    1.000000  -0.318607 -0.348187   -0.265458 -0.317371  \n",
       "windspeed  -0.318607   1.000000  0.092276    0.091052  0.101369  \n",
       "casual     -0.348187   0.092276  1.000000    0.497250  0.690414  \n",
       "registered -0.265458   0.091052  0.497250    1.000000  0.970948  \n",
       "count      -0.317371   0.101369  0.690414    0.970948  1.000000  "
      ]
     },
     "execution_count": 11,
     "metadata": {},
     "output_type": "execute_result"
    }
   ],
   "source": [
    "bike.corr()"
   ]
  },
  {
   "cell_type": "code",
   "execution_count": null,
   "metadata": {},
   "outputs": [],
   "source": []
  },
  {
   "cell_type": "code",
   "execution_count": null,
   "metadata": {},
   "outputs": [],
   "source": []
  }
 ],
 "metadata": {
  "kernelspec": {
   "display_name": "Python 3.9.12 ('base')",
   "language": "python",
   "name": "python3"
  },
  "language_info": {
   "codemirror_mode": {
    "name": "ipython",
    "version": 3
   },
   "file_extension": ".py",
   "mimetype": "text/x-python",
   "name": "python",
   "nbconvert_exporter": "python",
   "pygments_lexer": "ipython3",
   "version": "3.9.12"
  },
  "orig_nbformat": 4,
  "vscode": {
   "interpreter": {
    "hash": "a077222d77dfe082b8f1dd562ad70e458ac2ab76993a0b248ab0476e32e9e8dd"
   }
  }
 },
 "nbformat": 4,
 "nbformat_minor": 2
}
